# Transformer MSE: 963778.3917311053, MAE: 868.101005885988
2.144219183405254171e+03
1.252749226222367042e+03
1.023075775535252887e+03
1.795816903983714838e+03
2.155614024908797091e+03
1.504046447267249732e+03
1.546978839302042616e+03
2.997674116177400265e+03
2.262122250424676622e+03
1.168659859911476815e+03
1.508986583266546404e+03
2.448551768968934084e+03
2.260481896386299923e+03
1.313608491822383712e+03
2.499378687007403187e+03
5.017356575554300093e+02
4.176669116598556002e+02
-2.549292796024064103e+02
-1.080163812958697775e+02
-6.475959439697459175e+02
1.530613446686612178e+03
6.157715375191575049e+02
1.532440071810008476e+03
1.865321708296890392e+03
1.826104169999646501e+03
4.867035466269641120e+02
3.348314384369637082e+02
2.569031356882072942e+03
1.555922085261324355e+03
3.252560320508007862e+03
2.367928694472639563e+03
3.165948390056811149e+03
2.620570366596115946e+03
2.413624909506934273e+03
3.207976920553592208e+03
3.167909735226937755e+03
3.556065340070344973e+03
2.980163259491173903e+03
2.837023209840262552e+03
2.923078045404342447e+03
3.192808199373658681e+03
2.844754147215765897e+03
3.873239632945563699e+03
2.876011260098720413e+03
2.410380287156984195e+03
3.373200747660610432e+03
2.937920276675108198e+03
2.343497626406411200e+03
2.795888574347423855e+03
3.426747842152829435e+03
2.670943979171224782e+03
2.017417719829862108e+03
2.986685840529168217e+03
3.117457765073628707e+03
2.233241640406874922e+03
3.066729825028675805e+03
3.751380195574205572e+03
2.723556968849635723e+03
2.728571853854452002e+03
3.250429544258702663e+03
